 170945 68
  48763 13
  48648 32
  33205 59
  25559 26
  21539 42
  21141 88
  19330 74
  16874 94
  13991 36
  13467 45
  10997 43
  10550 11
  10147 46
   9537 44
   9509 35
   8868 92
   8505 63
   8501 58
   8047 37
   7746 54
   7704 50
   7667 34
   6885 64
   6771 31
   5462 56
   5325 73
   4919 60
   4795 61
   4776 39
   4742 84
   4741 93
   4431 40
   4299 77
   4039 48
   3471 89
   3397 55
   3229 33
   3125 65
   3039 62
   2971 90
   2967 41
   2851 25
   2826 38
   2823 10
   2584 71
   2465 51
   2335 30
   2302 28
   2265 125
   2181 66
   2160 57
   2136 69
   1986 85
   1792 99
   1742 53
   1734 23
   1673 16
   1640 79
   1632 100
   1616 67
   1495 14
   1490 29
   1431 52
   1402 27
   1364 91
   1344 116
   1311 19
   1310 18
   1271 49
   1253 80
   1223 70
   1219 75
   1217 6
   1205 187
   1140 76
   1056 47
   1049 78
   1049 156
   1027 81
   1004 72
    997 24
    990 20
    981 87
    977 115
    967 197
    966 21
    947 82
    940 95
    916 253
    916 118
    848 98
    839 83
    817 107
    807 108
    788 86
    777 8
    761 22
    752 102
    725 101
    719 106
    707 111
    689 17
    686 110
    685 105
    678 109
    674 96
    673 97
    667 103
    652 114
    640 113
    635 15
    630 104
    623 122
    619 112
    609 120
    598 117
    554 127
    554 124
    551 139
    525 121
    524 132
    523 136
    518 123
    515 119
    510 129
    483 133
    483 126
    481 128
    475 130
    465 135
    464 138
    460 12
    456 134
    455 206
    449 131
    446 150
    442 140
    437 234
    436 142
    435 9
    433 7
    429 137
    405 141
    401 225
    394 144
    391 145
    390 155
    386 148
    385 153
    377 154
    372 146
    370 158
    370 147
    368 143
    365 239
    363 159
    362 157
    354 161
    354 149
    347 176
    345 280
    339 170
    339 160
    339 151
    330 152
    326 166
    321 172
    312 164
    309 163
    306 174
    304 162
    300 167
    299 171
    291 168
    287 175
    284 169
    281 185
    280 180
    280 165
    279 179
    277 183
    272 232
    265 235
    262 177
    256 230
    255 178
    249 190
    244 181
    242 199
    241 186
    240 194
    240 192
    240 173
    234 182
    231 4
    231 184
    230 191
    230 188
    225 195
    223 224
    217 216
    216 193
    213 233
    211 220
    211 212
    211 202
    211 198
    211 189
    206 237
    202 213
    200 200
    199 226
    199 201
    199 196
    198 217
    196 215
    196 209
    196 204
    195 227
    193 214
    193 207
    192 248
    192 236
    188 243
    187 221
    186 211
    183 205
    181 252
    181 244
    180 210
    179 238
    178 228
    177 219
    175 242
    174 231
    172 241
    171 246
    171 223
    170 203
    167 247
    167 208
    166 240
    166 218
    166 1
    164 249
    163 251
    160 222
    158 229
    156 255
    152 245
    137 0
    135 254
    134 250
    123 413
     79 5
     79 262
     77 261
     72 268
     69 267
     68 265
     67 269
     66 272
     66 260
     62 273
     61 288
     61 279
     60 277
     60 274
     59 266
     57 287
     57 285
     56 3
     56 278
     55 275
     54 283
     54 281
     53 276
     53 271
     53 270
     53 264
     52 259
     50 291
     48 293
     47 295
     47 286
     46 263
     45 414
     45 302
     45 284
     44 320
     44 301
     43 297
     43 294
     43 290
     42 316
     42 309
     42 308
     42 300
     42 289
     41 307
     40 305
     39 282
     38 331
     38 322
     36 339
     36 334
     36 314
     34 352
     34 304
     33 328
     33 327
     33 311
     33 298
     32 340
     32 315
     32 313
     32 312
     31 444
     31 346
     31 345
     31 332
     31 326
     31 310
     30 353
     30 324
     30 299
     29 341
     29 329
     28 416
     28 325
     28 321
     28 318
     28 296
     27 419
     27 397
     27 365
     27 292
     26 348
     26 342
     26 330
     26 319
     26 317
     26 306
     26 303
     25 411
     25 376
     25 347
     25 336
     25 323
     24 435
     23 409
     23 408
     23 367
     23 351
     23 344
     23 335
     22 429
     22 404
     22 363
     22 358
     22 343
     22 258
     21 417
     21 393
     21 392
     21 388
     21 387
     21 375
     21 361
     21 354
     21 2
     20 425
     20 423
     20 377
     20 374
     20 366
     20 349
     20 337
     20 333
     19 432
     19 418
     19 406
     19 378
     19 371
     19 368
     19 364
     19 356
     19 355
     19 338
     18 445
     18 434
     18 407
     18 394
     18 384
     18 380
     18 370
     18 360
     17 744
     17 447
     17 391
     17 359
     17 357
     16 451
     16 433
     16 424
     16 422
     16 420
     16 415
     16 412
     16 402
     16 389
     16 386
     16 385
     16 373
     16 372
     16 369
     15 488
     15 468
     15 462
     15 442
     15 441
     15 440
     15 430
     15 405
     15 398
     15 382
     15 379
     14 455
     14 454
     14 448
     14 437
     14 428
     14 400
     14 383
     14 256
     13 481
     13 465
     13 463
     13 439
     13 436
     13 410
     13 403
     13 399
     13 395
     13 390
     12 584
     12 487
     12 483
     12 478
     12 476
     12 467
     12 464
     12 457
     12 452
     12 431
     12 427
     12 426
     12 401
     12 350
     11 509
     11 503
     11 500
     11 484
     11 449
     11 446
     11 443
     11 438
     11 421
     11 396
     11 381
     11 257
     10 541
     10 499
     10 491
     10 472
     10 470
     10 456
      9 538
      9 526
      9 519
      9 513
      9 510
      9 504
      9 501
      9 497
      9 479
      9 474
      9 466
      8 551
      8 537
      8 505
      8 495
      8 494
      8 493
      8 489
      8 461
      8 460
      8 453
      7 758
      7 646
      7 540
      7 520
      7 498
      7 482
      7 480
      7 469
      7 450
      7 362
      6 627
      6 608
      6 607
      6 604
      6 600
      6 599
      6 579
      6 553
      6 528
      6 527
      6 523
      6 518
      6 512
      6 511
      6 496
      6 486
      6 473
      6 471
      5 776
      5 743
      5 740
      5 652
      5 643
      5 631
      5 601
      5 586
      5 577
      5 574
      5 573
      5 570
      5 567
      5 566
      5 552
      5 550
      5 546
      5 544
      5 536
      5 524
      5 522
      5 521
      5 507
      5 502
      5 492
      5 477
      5 475
      5 459
      5 1071
      4 841
      4 828
      4 791
      4 781
      4 766
      4 761
      4 726
      4 708
      4 706
      4 688
      4 684
      4 673
      4 668
      4 654
      4 620
      4 613
      4 593
      4 582
      4 564
      4 562
      4 555
      4 548
      4 535
      4 533
      4 532
      4 530
      4 529
      4 525
      4 508
      4 490
      4 485
      4 458
      4 1826
      3 988
      3 986
      3 943
      3 939
      3 861
      3 837
      3 823
      3 817
      3 813
      3 806
      3 796
      3 789
      3 757
      3 738
      3 712
      3 703
      3 696
      3 690
      3 686
      3 677
      3 672
      3 667
      3 649
      3 645
      3 642
      3 634
      3 632
      3 626
      3 625
      3 621
      3 619
      3 616
      3 614
      3 612
      3 610
      3 603
      3 595
      3 594
      3 592
      3 589
      3 588
      3 583
      3 581
      3 580
      3 578
      3 572
      3 569
      3 568
      3 560
      3 549
      3 542
      3 539
      3 531
      3 517
      3 1163
      3 1036
      3 1008
      2 999
      2 998
      2 994
      2 971
      2 969
      2 960
      2 958
      2 957
      2 925
      2 922
      2 921
      2 877
      2 876
      2 874
      2 873
      2 857
      2 855
      2 852
      2 851
      2 850
      2 843
      2 839
      2 836
      2 834
      2 829
      2 805
      2 803
      2 799
      2 797
      2 794
      2 784
      2 777
      2 764
      2 756
      2 752
      2 751
      2 749
      2 746
      2 737
      2 733
      2 728
      2 713
      2 709
      2 704
      2 702
      2 701
      2 699
      2 695
      2 689
      2 687
      2 685
      2 683
      2 679
      2 678
      2 664
      2 662
      2 661
      2 659
      2 657
      2 656
      2 655
      2 653
      2 644
      2 639
      2 638
      2 637
      2 636
      2 635
      2 633
      2 630
      2 629
      2 623
      2 622
      2 617
      2 611
      2 606
      2 602
      2 597
      2 596
      2 591
      2 590
      2 585
      2 576
      2 565
      2 556
      2 545
      2 516
      2 3526
      2 2797
      2 2224
      2 2041
      2 1976
      2 1779
      2 1611
      2 1458
      2 1396
      2 1365
      2 1342
      2 1246
      2 1227
      2 1220
      2 1210
      2 1168
      2 1164
      2 1077
      2 1062
      2 1029
      2 1014
      2 1009
      1 997
      1 987
      1 985
      1 983
      1 981
      1 975
      1 965
      1 964
      1 961
      1 956
      1 955
      1 953
      1 951
      1 945
      1 940
      1 938
      1 937
      1 933
      1 931
      1 930
      1 928
      1 927
      1 926
      1 920
      1 919
      1 918
      1 917
      1 916
      1 912
      1 911
      1 909
      1 908
      1 907
      1 906
      1 905
      1 903
      1 901
      1 899
      1 896
      1 894
      1 892
      1 889
      1 886
      1 885
      1 884
      1 883
      1 882
      1 875
      1 872
      1 871
      1 869
      1 866
      1 865
      1 863
      1 859
      1 858
      1 854
      1 848
      1 847
      1 846
      1 844
      1 840
      1 838
      1 833
      1 832
      1 830
      1 826
      1 825
      1 822
      1 821
      1 820
      1 818
      1 816
      1 814
      1 812
      1 810
      1 807
      1 804
      1 801
      1 798
      1 795
      1 7886
      1 785
      1 780
      1 779
      1 778
      1 775
      1 774
      1 771
      1 770
      1 769
      1 765
      1 763
      1 755
      1 754
      1 753
      1 748
      1 745
      1 742
      1 739
      1 735
      1 734
      1 732
      1 731
      1 730
      1 729
      1 727
      1 721
      1 718
      1 717
      1 714
      1 711
      1 710
      1 700
      1 697
      1 694
      1 693
      1 691
      1 682
      1 681
      1 680
      1 676
      1 674
      1 671
      1 663
      1 660
      1 658
      1 651
      1 648
      1 647
      1 641
      1 640
      1 628
      1 624
      1 615
      1 609
      1 605
      1 598
      1 587
      1 575
      1 571
      1 561
      1 559
      1 558
      1 557
      1 5498
      1 547
      1 543
      1 5417
      1 534
      1 506
      1 4145
      1 3985
      1 3963
      1 3925
      1 3922
      1 3919
      1 3890
      1 3854
      1 3772
      1 3753
      1 3717
      1 3685
      1 3617
      1 3555
      1 3220
      1 3204
      1 3134
      1 3075
      1 2925
      1 2790
      1 2752
      1 2697
      1 2650
      1 2611
      1 2580
      1 2576
      1 2510
      1 2507
      1 2426
      1 2422
      1 2420
      1 2393
      1 2363
      1 2345
      1 2314
      1 2288
      1 2286
      1 2283
      1 2264
      1 2098
      1 2093
      1 2077
      1 2074
      1 2061
      1 2057
      1 2056
      1 2032
      1 2031
      1 2004
      1 2003
      1 1970
      1 1960
      1 1946
      1 1943
      1 1906
      1 1905
      1 1899
      1 1892
      1 1891
      1 1886
      1 1879
      1 1876
      1 1863
      1 1854
      1 1834
      1 1820
      1 1807
      1 1797
      1 1794
      1 1789
      1 1785
      1 1777
      1 1774
      1 1772
      1 1763
      1 1762
      1 1759
      1 1754
      1 1731
      1 1719
      1 1708
      1 1685
      1 1670
      1 1666
      1 1662
      1 1653
      1 1635
      1 1624
      1 1615
      1 1602
      1 1573
      1 1562
      1 1554
      1 1530
      1 1523
      1 1522
      1 1513
      1 1500
      1 1495
      1 1477
      1 1468
      1 1465
      1 1461
      1 1459
      1 1451
      1 1447
      1 1445
      1 1443
      1 1441
      1 1440
      1 1434
      1 1426
      1 1423
      1 1420
      1 1407
      1 1403
      1 1397
      1 1374
      1 1373
      1 1367
      1 1357
      1 1355
      1 1354
      1 1352
      1 1347
      1 1343
      1 1341
      1 1338
      1 1336
      1 1333
      1 1330
      1 1328
      1 1325
      1 1322
      1 1319
      1 1314
      1 1305
      1 1303
      1 1302
      1 1301
      1 1291
      1 1287
      1 1285
      1 1284
      1 1278
      1 1277
      1 1275
      1 1271
      1 1257
      1 1245
      1 1238
      1 1229
      1 1223
      1 1217
      1 1216
      1 1207
      1 1199
      1 1192
      1 1190
      1 1187
      1 1185
      1 1179
      1 1177
      1 1160
      1 1159
      1 1158
      1 1151
      1 1135
      1 1130
      1 1126
      1 1124
      1 1123
      1 1122
      1 1119
      1 1112
      1 1110
      1 1108
      1 1105
      1 1101
      1 1100
      1 1097
      1 1095
      1 1091
      1 1084
      1 1080
      1 1078
      1 1070
      1 1066
      1 1064
      1 1063
      1 1059
      1 1046
      1 1044
      1 1038
      1 1037
      1 1028
      1 1026
      1 1015
      1 1005
      1 1003
      1 1002
      1 1001
